 -1.99800000000000000E+00   4.22364895849900557E-01   3.09224635301893080E+00   4.60935367344308554E-04   3.36260513424379848E-01   2.00000000000000004E-03   3.36271100107254917E-01   1.34508440042901967E-03
 -1.99800000000000000E+00   4.22364895849900557E-01   3.09224635301893080E+00   4.60935367344308554E-04   3.36260513424379848E-01   2.00000000000000010E-04   3.36260618981620851E-01   1.34504247592648341E-04
 -1.99800000000000000E+00   4.22364895849900557E-01   3.09224635301893080E+00   4.60935367344308554E-04   3.36260513424379848E-01   2.00000000000000016E-05   3.36260514266495392E-01   1.34504205706598157E-05
 -1.99800000000000000E+00   4.22364895849900557E-01   3.09224635301893080E+00   4.60935367344308554E-04   3.36260513424379848E-01   1.99999999999999991E-06   3.36260492006523748E-01   1.34504196802609499E-06
 -1.99800000000000000E+00   4.22364895849900557E-01   3.09224635301893080E+00   4.60935367344308554E-04   3.36260513424379848E-01   2.00000000000000017E-07   3.36260738142968252E-01   1.34504295257187323E-07
 -1.80000000000000004E+00   4.22458778720818051E-01   3.17852210140881786E+00   5.02532645670766723E-04   6.03008758161525549E-01   2.00000000000000004E-03   6.03012353717735650E-01   2.41204941487094260E-03
 -1.80000000000000004E+00   4.22458778720818051E-01   3.17852210140881786E+00   5.02532645670766723E-04   6.03008758161525549E-01   2.00000000000000010E-04   6.03008794395343273E-01   2.41203517758137309E-04
 -1.80000000000000004E+00   4.22458778720818051E-01   3.17852210140881786E+00   5.02532645670766723E-04   6.03008758161525549E-01   2.00000000000000016E-05   6.03008760646783770E-01   2.41203504258713508E-05
 -1.80000000000000004E+00   4.22458778720818051E-01   3.17852210140881786E+00   5.02532645670766723E-04   6.03008758161525549E-01   1.99999999999999991E-06   6.03008742827704225E-01   2.41203497131081690E-06
 -1.80000000000000004E+00   4.22458778720818051E-01   3.17852210140881786E+00   5.02532645670766723E-04   6.03008758161525549E-01   2.00000000000000017E-07   6.03008655231107582E-01   2.41203462092443033E-07
 -1.50000000000000000E+00   4.22624388563258624E-01   3.46867208001779082E+00   5.84472191856170650E-04   1.32198882594123246E+00   2.00000000000000004E-03   1.32198534324434736E+00   5.28794137297738942E-03
 -1.50000000000000000E+00   4.22624388563258624E-01   3.46867208001779082E+00   5.84472191856170650E-04   1.32198882594123246E+00   2.00000000000000010E-04   1.32198879071010467E+00   5.28795516284041867E-04
 -1.50000000000000000E+00   4.22624388563258624E-01   3.46867208001779082E+00   5.84472191856170650E-04   1.32198882594123246E+00   2.00000000000000016E-05   1.32198882334400025E+00   5.28795529337600101E-05
 -1.50000000000000000E+00   4.22624388563258624E-01   3.46867208001779082E+00   5.84472191856170650E-04   1.32198882594123246E+00   1.99999999999999991E-06   1.32198885161027846E+00   5.28795540644111384E-06
 -1.50000000000000000E+00   4.22624388563258624E-01   3.46867208001779082E+00   5.84472191856170650E-04   1.32198882594123246E+00   2.00000000000000017E-07   1.32198889946089060E+00   5.28795559784356328E-07
 -1.00000000000000000E+00   4.22883751179657708E-01   4.24131670399777327E+00   3.86897565100609731E-04   1.45161548589628420E+00   2.00000000000000004E-03   1.45161157809647889E+00   5.80644631238591558E-03
 -1.00000000000000000E+00   4.22883751179657708E-01   4.24131670399777327E+00   3.86897565100609731E-04   1.45161548589628420E+00   2.00000000000000010E-04   1.45161544674143883E+00   5.80646178696575532E-04
 -1.00000000000000000E+00   4.22883751179657708E-01   4.24131670399777327E+00   3.86897565100609731E-04   1.45161548589628420E+00   2.00000000000000016E-05   1.45161548452676903E+00   5.80646193810707700E-05
 -1.00000000000000000E+00   4.22883751179657708E-01   4.24131670399777327E+00   3.86897565100609731E-04   1.45161548589628420E+00   1.99999999999999991E-06   1.45161549602867979E+00   5.80646198411471914E-06
 -1.00000000000000000E+00   4.22883751179657708E-01   4.24131670399777327E+00   3.86897565100609731E-04   1.45161548589628420E+00   2.00000000000000017E-07   1.45161538567251092E+00   5.80646154269004455E-07
 -5.00000000000000000E-01   4.22991214425479489E-01   4.70148496844416108E+00   7.03110763280596614E-05   3.65432766186890690E-01   2.00000000000000004E-03   3.65435645543810139E-01   1.46174258217524056E-03
 -5.00000000000000000E-01   4.22991214425479489E-01   4.70148496844416108E+00   7.03110763280596614E-05   3.65432766186890690E-01   2.00000000000000010E-04   3.65432795019771106E-01   1.46173118007908442E-04
 -5.00000000000000000E-01   4.22991214425479489E-01   4.70148496844416108E+00   7.03110763280596614E-05   3.65432766186890690E-01   2.00000000000000016E-05   3.65432766868956038E-01   1.46173106747582437E-05
 -5.00000000000000000E-01   4.22991214425479489E-01   4.70148496844416108E+00   7.03110763280596614E-05   3.65432766186890690E-01   1.99999999999999991E-06   3.65432791138431412E-01   1.46173116455372565E-06
 -5.00000000000000000E-01   4.22991214425479489E-01   4.70148496844416108E+00   7.03110763280596614E-05   3.65432766186890690E-01   2.00000000000000017E-07   3.65433101556789042E-01   1.46173240622715639E-07
 -2.00000000000000011E-01   4.22999808406390232E-01   4.74876526797626397E+00   4.11314142016741983E-06   2.57511100299009851E-02   2.00000000000000004E-03   2.57538004448942814E-02   1.03015201779577126E-04
 -2.00000000000000011E-01   4.22999808406390232E-01   4.74876526797626397E+00   4.11314142016741983E-06   2.57511100299009851E-02   2.00000000000000010E-04   2.57511371692942248E-02   1.03004548677176899E-05
 -2.00000000000000011E-01   4.22999808406390232E-01   4.74876526797626397E+00   4.11314142016741983E-06   2.57511100299009851E-02   2.00000000000000016E-05   2.57511144186040007E-02   1.03004457674416017E-06
 -2.00000000000000011E-01   4.22999808406390232E-01   4.74876526797626397E+00   4.11314142016741983E-06   2.57511100299009851E-02   1.99999999999999991E-06   2.57511407752986088E-02   1.03004563101194435E-07
 -2.00000000000000011E-01   4.22999808406390232E-01   4.74876526797626397E+00   4.11314142016741983E-06   2.57511100299009851E-02   2.00000000000000017E-07   2.57511323376036182E-02   1.03004529350414487E-08
 -1.00000000000000006E-01   4.22999990544223547E-01   4.74993449573830873E+00   4.13900554675103435E-07   2.80817676032065356E-03   1.00000000000000002E-03   2.80851537537429863E-03   5.61703075074859726E-06
 -1.00000000000000006E-01   4.22999990544223547E-01   4.74993449573830873E+00   4.13900554675103435E-07   2.80817676032065356E-03   1.00000000000000005E-04   2.80818051479059250E-03   5.61636102958118499E-07
 -1.00000000000000006E-01   4.22999990544223547E-01   4.74993449573830873E+00   4.13900554675103435E-07   2.80817676032065356E-03   1.00000000000000008E-05   2.80817760156537545E-03   5.61635520313075176E-08
 -1.00000000000000006E-01   4.22999990544223547E-01   4.74993449573830873E+00   4.13900554675103435E-07   2.80817676032065356E-03   9.99999999999999955E-07   2.80828738041805082E-03   5.61657476083610163E-09
 -1.00000000000000006E-01   4.22999990544223547E-01   4.74993449573830873E+00   4.13900554675103435E-07   2.80817676032065356E-03   1.00000000000000009E-07   2.80875322999918310E-03   5.61750645999836706E-10
 -2.00000000000000004E-02   4.22999999992265674E-01   4.74999993950787402E+00   1.71696850539447827E-09   1.32261531885677184E-05   2.00000000000000010E-04   1.32278521469686439E-05   5.29114085878745755E-09
 -2.00000000000000004E-02   4.22999999992265674E-01   4.74999993950787402E+00   1.71696850539447827E-09   1.32261531885677184E-05   2.00000000000000016E-05   1.32234445615608803E-05   5.28937782462435280E-10
 -2.00000000000000004E-02   4.22999999992265674E-01   4.74999993950787402E+00   1.71696850539447827E-09   1.32261531885677184E-05   2.00000000000000033E-06   1.31685773396839051E-05   5.26743093587356270E-11
 -2.00000000000000004E-02   4.22999999992265674E-01   4.74999993950787402E+00   1.71696850539447827E-09   1.32261531885677184E-05   2.00000000000000017E-07   1.30095934025575826E-05   5.20383736102303374E-12
 -2.00000000000000004E-02   4.22999999992265674E-01   4.74999993950787402E+00   1.71696850539447827E-09   1.32261531885677184E-05   2.00000000000000004E-08   1.48547840694845945E-05   5.94191362779383780E-13
 -1.00000000000000002E-02   4.22999999999644660E-01   4.74999999709165799E+00   1.58023030100311616E-10   1.27466212045353497E-06   1.00000000000000005E-04   1.27353239065541857E-06   2.54706478131083713E-10
 -1.00000000000000002E-02   4.22999999999644660E-01   4.74999999709165799E+00   1.58023030100311616E-10   1.27466212045353497E-06   1.00000000000000008E-05   1.27156063456368429E-06   2.54312126912736858E-11
 -1.00000000000000002E-02   4.22999999999644660E-01   4.74999999709165799E+00   1.58023030100311616E-10   1.27466212045353497E-06   1.00000000000000017E-06   1.27009514017117887E-06   2.54019028034235816E-12
 -1.00000000000000002E-02   4.22999999999644660E-01   4.74999999709165799E+00   1.58023030100311616E-10   1.27466212045353497E-06   1.00000000000000009E-07   8.74855743404623248E-07   1.74971148680924671E-13
 -1.00000000000000002E-02   4.22999999999644660E-01   4.74999999709165799E+00   1.58023030100311616E-10   1.27466212045353497E-06   1.00000000000000002E-08   8.88178419700125232E-07   1.77635683940025046E-14
 -2.00000000000000004E-03   4.22999999999999710E-01   4.74999999999730615E+00   6.12320857123163605E-13   5.49944335486664105E-09   2.00000000000000016E-05   4.01900734914306668E-09   1.60760293965722667E-13
 -2.00000000000000004E-03   4.22999999999999710E-01   4.74999999999730615E+00   6.12320857123163605E-13   5.49944335486664105E-09   2.00000000000000033E-06   9.85878045867138876E-08   3.94351218346855603E-13
 -2.00000000000000004E-03   4.22999999999999710E-01   4.74999999999730615E+00   6.12320857123163605E-13   5.49944335486664105E-09   2.00000000000000017E-07   4.44089209850062616E-09   1.77635683940025046E-15
 -2.00000000000000004E-03   4.22999999999999710E-01   4.74999999999730615E+00   6.12320857123163605E-13   5.49944335486664105E-09   2.00000000000000004E-08   0.00000000000000000E+00   0.00000000000000000E+00
 -2.00000000000000004E-03   4.22999999999999710E-01   4.74999999999730615E+00   6.12320857123163605E-13   5.49944335486664105E-09   2.00000000000000012E-09   0.00000000000000000E+00   0.00000000000000000E+00
 -1.00000000000000002E-03   4.22999999999999987E-01   4.75000000000000000E+00   5.58881284885492184E-14   0.00000000000000000E+00   1.00000000000000008E-05   0.00000000000000000E+00   0.00000000000000000E+00
 -1.00000000000000002E-03   4.22999999999999987E-01   4.75000000000000000E+00   5.58881284885492184E-14   0.00000000000000000E+00   1.00000000000000017E-06   1.25233157177717631E-07   2.50466314355435316E-13
 -1.00000000000000002E-03   4.22999999999999987E-01   4.75000000000000000E+00   5.58881284885492184E-14   0.00000000000000000E+00   1.00000000000000009E-07   0.00000000000000000E+00   0.00000000000000000E+00
 -1.00000000000000002E-03   4.22999999999999987E-01   4.75000000000000000E+00   5.58881284885492184E-14   0.00000000000000000E+00   1.00000000000000002E-08   0.00000000000000000E+00   0.00000000000000000E+00
 -1.00000000000000002E-03   4.22999999999999987E-01   4.75000000000000000E+00   5.58881284885492184E-14   0.00000000000000000E+00   1.00000000000000006E-09  -1.24789067967867595E-04  -2.49578135935735190E-13
 -2.00000000000000010E-04   4.22999999999999987E-01   4.75000000000000000E+00   2.15134852833952107E-16   0.00000000000000000E+00   2.00000000000000033E-06   0.00000000000000000E+00   0.00000000000000000E+00
 -2.00000000000000010E-04   4.22999999999999987E-01   4.75000000000000000E+00   2.15134852833952107E-16   0.00000000000000000E+00   2.00000000000000044E-07   0.00000000000000000E+00   0.00000000000000000E+00
 -2.00000000000000010E-04   4.22999999999999987E-01   4.75000000000000000E+00   2.15134852833952107E-16   0.00000000000000000E+00   2.00000000000000037E-08   0.00000000000000000E+00   0.00000000000000000E+00
 -2.00000000000000010E-04   4.22999999999999987E-01   4.75000000000000000E+00   2.15134852833952107E-16   0.00000000000000000E+00   2.00000000000000054E-09   0.00000000000000000E+00   0.00000000000000000E+00
 -2.00000000000000010E-04   4.22999999999999987E-01   4.75000000000000000E+00   2.15134852833952107E-16   0.00000000000000000E+00   2.00000000000000033E-10   0.00000000000000000E+00   0.00000000000000000E+00
 -1.00000000000000005E-04   4.22999999999999987E-01   4.75000000000000000E+00   1.96144398604073141E-17   0.00000000000000000E+00   1.00000000000000017E-06   0.00000000000000000E+00   0.00000000000000000E+00
 -1.00000000000000005E-04   4.22999999999999987E-01   4.75000000000000000E+00   1.96144398604073141E-17   0.00000000000000000E+00   1.00000000000000022E-07   0.00000000000000000E+00   0.00000000000000000E+00
 -1.00000000000000005E-04   4.22999999999999987E-01   4.75000000000000000E+00   1.96144398604073141E-17   0.00000000000000000E+00   1.00000000000000019E-08   0.00000000000000000E+00   0.00000000000000000E+00
 -1.00000000000000005E-04   4.22999999999999987E-01   4.75000000000000000E+00   1.96144398604073141E-17   0.00000000000000000E+00   1.00000000000000027E-09   0.00000000000000000E+00   0.00000000000000000E+00
 -1.00000000000000005E-04   4.22999999999999987E-01   4.75000000000000000E+00   1.96144398604073141E-17   0.00000000000000000E+00   1.00000000000000017E-10   0.00000000000000000E+00   0.00000000000000000E+00
