 -1.99800000000000005E-01   4.22977650124298554E-01   4.12790004343721240E+00   1.62741923544586719E-04   1.36728526290556962E+00   2.00000000000000010E-04   1.36732566397457234E+00   5.46930265589828934E-04
 -1.99800000000000005E-01   4.22977650124298554E-01   4.12790004343721240E+00   1.62741923544586719E-04   1.36728526290556962E+00   2.00000000000000016E-05   1.36728563868704334E+00   5.46914255474817423E-05
 -1.99800000000000005E-01   4.22977650124298554E-01   4.12790004343721240E+00   1.62741923544586719E-04   1.36728526290556962E+00   2.00000000000000033E-06   1.36728534427810167E+00   5.46914137711240755E-06
 -1.99800000000000005E-01   4.22977650124298554E-01   4.12790004343721240E+00   1.62741923544586719E-04   1.36728526290556962E+00   2.00000000000000017E-07   1.36728359967364077E+00   5.46913439869456397E-07
 -1.99800000000000005E-01   4.22977650124298554E-01   4.12790004343721240E+00   1.62741923544586719E-04   1.36728526290556962E+00   2.00000000000000004E-08   1.36728559585463927E+00   5.46914238341855707E-08
 -1.80000000000000021E-01   4.22980962761134061E-01   4.16240332409686076E+00   1.77198436053691331E-04   2.37384019098397525E+00   2.00000000000000010E-04   2.37385342239271324E+00   9.49541368957085297E-04
 -1.80000000000000021E-01   4.22980962761134061E-01   4.16240332409686076E+00   1.77198436053691331E-04   2.37384019098397525E+00   2.00000000000000016E-05   2.37384033925369664E+00   9.49536135701478656E-05
 -1.80000000000000021E-01   4.22980962761134061E-01   4.16240332409686076E+00   1.77198436053691331E-04   2.37384019098397525E+00   2.00000000000000033E-06   2.37384057921730074E+00   9.49536231686920473E-06
 -1.80000000000000021E-01   4.22980962761134061E-01   4.16240332409686076E+00   1.77198436053691331E-04   2.37384019098397525E+00   2.00000000000000017E-07   2.37383845691496731E+00   9.49535382765986924E-07
 -1.80000000000000021E-01   4.22980962761134061E-01   4.16240332409686076E+00   1.77198436053691331E-04   2.37384019098397525E+00   2.00000000000000004E-08   2.37385873180784301E+00   9.49543492723137206E-08
 -1.50000000000000022E-01   4.22986796716018465E-01   4.27443493322366574E+00   2.05728105954751774E-04   5.04649495770037326E+00   2.00000000000000010E-04   5.04648123501816315E+00   2.01859249400726526E-03
 -1.50000000000000022E-01   4.22986796716018465E-01   4.27443493322366574E+00   2.05728105954751774E-04   5.04649495770037326E+00   2.00000000000000016E-05   5.04649481165575509E+00   2.01859792466230203E-04
 -1.50000000000000022E-01   4.22986796716018465E-01   4.27443493322366574E+00   2.05728105954751774E-04   5.04649495770037326E+00   2.00000000000000033E-06   5.04649519128541524E+00   2.01859807651416645E-05
 -1.50000000000000022E-01   4.22986796716018465E-01   4.27443493322366574E+00   2.05728105954751774E-04   5.04649495770037326E+00   2.00000000000000017E-07   5.04649267041301641E+00   2.01859706816520657E-06
 -1.50000000000000022E-01   4.22986796716018465E-01   4.27443493322366574E+00   2.05728105954751774E-04   5.04649495770037326E+00   2.00000000000000004E-08   5.04648671739715837E+00   2.01859468695886335E-07
 -1.00000000000000006E-01   4.22995917635643592E-01   4.56458887447228179E+00   1.35940129762142440E-04   5.36811923162241644E+00   2.00000000000000010E-04   5.36810527093756207E+00   2.14724210837502483E-03
 -1.00000000000000006E-01   4.22995917635643592E-01   4.56458887447228179E+00   1.35940129762142440E-04   5.36811923162241644E+00   2.00000000000000016E-05   5.36811909046530644E+00   2.14724763618612258E-04
 -1.00000000000000006E-01   4.22995917635643592E-01   4.56458887447228179E+00   1.35940129762142440E-04   5.36811923162241644E+00   2.00000000000000033E-06   5.36811910922807467E+00   2.14724764369123022E-05
 -1.00000000000000006E-01   4.22995917635643592E-01   4.56458887447228179E+00   1.35940129762142440E-04   5.36811923162241644E+00   2.00000000000000017E-07   5.36811948892434909E+00   2.14724779556973999E-06
 -1.00000000000000006E-01   4.22995917635643592E-01   4.56458887447228179E+00   1.35940129762142440E-04   5.36811923162241644E+00   2.00000000000000004E-08   5.36814217522163517E+00   2.14725687008865407E-07
 -5.00000000000000028E-02   4.22999691708808856E-01   4.73269509963045820E+00   2.46765305378937368E-05   1.31084996418921040E+00   2.00000000000000010E-04   1.31086083221765293E+00   5.24344332887061171E-04
 -5.00000000000000028E-02   4.22999691708808856E-01   4.73269509963045820E+00   2.46765305378937368E-05   1.31084996418921040E+00   2.00000000000000016E-05   1.31085006840336860E+00   5.24340027361347438E-05
 -5.00000000000000028E-02   4.22999691708808856E-01   4.73269509963045820E+00   2.46765305378937368E-05   1.31084996418921040E+00   2.00000000000000033E-06   1.31084954624327543E+00   5.24339818497310262E-06
 -5.00000000000000028E-02   4.22999691708808856E-01   4.73269509963045820E+00   2.46765305378937368E-05   1.31084996418921040E+00   2.00000000000000017E-07   1.31084694654504097E+00   5.24338778618016477E-07
 -5.00000000000000028E-02   4.22999691708808856E-01   4.73269509963045820E+00   2.46765305378937368E-05   1.31084996418921040E+00   2.00000000000000004E-08   1.31082451559905167E+00   5.24329806239620666E-08
 -2.00000000000000039E-02   4.22999993279039033E-01   4.74956473416424085E+00   1.44291601963199750E-06   9.09249000280206998E-02   2.00000000000000010E-04   9.09344913901932728E-02   3.63737965560773091E-05
 -2.00000000000000039E-02   4.22999993279039033E-01   4.74956473416424085E+00   1.44291601963199750E-06   9.09249000280206998E-02   2.00000000000000016E-05   9.09249433522773959E-02   3.63699773409109639E-06
 -2.00000000000000039E-02   4.22999993279039033E-01   4.74956473416424085E+00   1.44291601963199750E-06   9.09249000280206998E-02   2.00000000000000033E-06   9.09246975488997439E-02   3.63698790195599031E-07
 -2.00000000000000039E-02   4.22999993279039033E-01   4.74956473416424085E+00   1.44291601963199750E-06   9.09249000280206998E-02   2.00000000000000017E-07   9.09281250294213667E-02   3.63712500117685522E-08
 -2.00000000000000039E-02   4.22999993279039033E-01   4.74956473416424085E+00   1.44291601963199750E-06   9.09249000280206998E-02   2.00000000000000004E-08   9.09130548620851187E-02   3.63652219448340475E-09
 -1.00000000000000019E-02   4.22999999668322801E-01   4.74997697929462603E+00   1.45184575968818451E-07   9.87518058267300089E-03   1.00000000000000018E-04   9.87638091309861292E-03   1.97527618261972293E-06
 -1.00000000000000019E-02   4.22999999668322801E-01   4.74997697929462603E+00   1.45184575968818451E-07   9.87518058267300089E-03   1.00000000000000025E-05   9.87503949723133982E-03   1.97500789944626831E-07
 -1.00000000000000019E-02   4.22999999668322801E-01   4.74997697929462603E+00   1.45184575968818451E-07   9.87518058267300089E-03   1.00000000000000017E-06   9.87470816227187069E-03   1.97494163245437448E-08
 -1.00000000000000019E-02   4.22999999668322801E-01   4.74997697929462603E+00   1.45184575968818451E-07   9.87518058267300089E-03   1.00000000000000022E-07   9.87956383369237127E-03   1.97591276673847460E-09
 -1.00000000000000019E-02   4.22999999668322801E-01   4.74997697929462603E+00   1.45184575968818451E-07   9.87518058267300089E-03   1.00000000000000019E-08   9.87663284490736086E-03   1.97532656898147252E-10
 -2.00000000000000004E-03   4.22999999999728704E-01   4.74999997877625724E+00   6.02233172697512962E-10   4.64038423378819502E-05   2.00000000000000016E-05   4.64116745035880672E-05   1.85646698014352296E-09
 -2.00000000000000004E-03   4.22999999999728704E-01   4.74999997877625724E+00   6.02233172697512962E-10   4.64038423378819502E-05   2.00000000000000033E-06   4.65321114972994042E-05   1.86128445989197644E-10
 -2.00000000000000004E-03   4.22999999999728704E-01   4.74999997877625724E+00   6.02233172697512962E-10   4.64038423378819502E-05   2.00000000000000017E-07   4.49529302670725815E-05   1.79811721068290353E-11
 -2.00000000000000004E-03   4.22999999999728704E-01   4.74999997877625724E+00   6.02233172697512962E-10   4.64038423378819502E-05   2.00000000000000004E-08   3.16635606623094645E-05   1.26654242649237858E-12
 -2.00000000000000004E-03   4.22999999999728704E-01   4.74999997877625724E+00   6.02233172697512962E-10   4.64038423378819502E-05   2.00000000000000012E-09   3.19744231092045084E-05   1.27897692436818033E-13
 -1.00000000000000002E-03   4.22999999999987497E-01   4.74999999897782477E+00   5.54269830016442859E-11   4.47126835005977304E-06   1.00000000000000008E-05   4.49484893749740877E-06   8.98969787499481754E-11
 -1.00000000000000002E-03   4.22999999999987497E-01   4.74999999897782477E+00   5.54269830016442859E-11   4.47126835005977304E-06   1.00000000000000017E-06   4.61630733639140005E-06   9.23261467278280179E-12
 -1.00000000000000002E-03   4.22999999999987497E-01   4.74999999897782477E+00   5.54269830016442859E-11   4.47126835005977304E-06   1.00000000000000009E-07  -1.25588428545597691E-05  -2.51176857091195416E-12
 -1.00000000000000002E-03   4.22999999999987497E-01   4.74999999897782477E+00   5.54269830016442859E-11   4.47126835005977304E-06   1.00000000000000002E-08   3.10862446895043831E-06   6.21724893790087663E-14
 -1.00000000000000002E-03   4.22999999999987497E-01   4.74999999897782477E+00   5.54269830016442859E-11   4.47126835005977304E-06   1.00000000000000006E-09   3.55271367880050051E-06   7.10542735760100186E-15
 -2.00000000000000010E-04   4.22999999999999987E-01   4.75000000000000000E+00   2.14772719556824121E-13   0.00000000000000000E+00   2.00000000000000033E-06   5.14477349611297435E-07   2.05790939844519016E-12
 -2.00000000000000010E-04   4.22999999999999987E-01   4.75000000000000000E+00   2.14772719556824121E-13   0.00000000000000000E+00   2.00000000000000044E-07   0.00000000000000000E+00   0.00000000000000000E+00
 -2.00000000000000010E-04   4.22999999999999987E-01   4.75000000000000000E+00   2.14772719556824121E-13   0.00000000000000000E+00   2.00000000000000037E-08   0.00000000000000000E+00   0.00000000000000000E+00
 -2.00000000000000010E-04   4.22999999999999987E-01   4.75000000000000000E+00   2.14772719556824121E-13   0.00000000000000000E+00   2.00000000000000054E-09   0.00000000000000000E+00   0.00000000000000000E+00
 -2.00000000000000010E-04   4.22999999999999987E-01   4.75000000000000000E+00   2.14772719556824121E-13   0.00000000000000000E+00   2.00000000000000033E-10  -4.99378316476395325E-03  -1.99751326590558165E-12
 -1.00000000000000005E-04   4.22999999999999987E-01   4.75000000000000000E+00   1.96028687077113118E-14   0.00000000000000000E+00   1.00000000000000017E-06   0.00000000000000000E+00   0.00000000000000000E+00
 -1.00000000000000005E-04   4.22999999999999987E-01   4.75000000000000000E+00   1.96028687077113118E-14   0.00000000000000000E+00   1.00000000000000022E-07   0.00000000000000000E+00   0.00000000000000000E+00
 -1.00000000000000005E-04   4.22999999999999987E-01   4.75000000000000000E+00   1.96028687077113118E-14   0.00000000000000000E+00   1.00000000000000019E-08   0.00000000000000000E+00   0.00000000000000000E+00
 -1.00000000000000005E-04   4.22999999999999987E-01   4.75000000000000000E+00   1.96028687077113118E-14   0.00000000000000000E+00   1.00000000000000027E-09   0.00000000000000000E+00   0.00000000000000000E+00
 -1.00000000000000005E-04   4.22999999999999987E-01   4.75000000000000000E+00   1.96028687077113118E-14   0.00000000000000000E+00   1.00000000000000017E-10   0.00000000000000000E+00   0.00000000000000000E+00
 -2.00000000000000016E-05   4.22999999999999987E-01   4.75000000000000000E+00   7.54590099881005048E-17   0.00000000000000000E+00   2.00000000000000017E-07   0.00000000000000000E+00   0.00000000000000000E+00
 -2.00000000000000016E-05   4.22999999999999987E-01   4.75000000000000000E+00   7.54590099881005048E-17   0.00000000000000000E+00   2.00000000000000037E-08   0.00000000000000000E+00   0.00000000000000000E+00
 -2.00000000000000016E-05   4.22999999999999987E-01   4.75000000000000000E+00   7.54590099881005048E-17   0.00000000000000000E+00   2.00000000000000012E-09   0.00000000000000000E+00   0.00000000000000000E+00
 -2.00000000000000016E-05   4.22999999999999987E-01   4.75000000000000000E+00   7.54590099881005048E-17   0.00000000000000000E+00   2.00000000000000033E-10   0.00000000000000000E+00   0.00000000000000000E+00
 -2.00000000000000016E-05   4.22999999999999987E-01   4.75000000000000000E+00   7.54590099881005048E-17   0.00000000000000000E+00   2.00000000000000020E-11   0.00000000000000000E+00   0.00000000000000000E+00
