 -1.99800000000000012E-02   4.22999215983160426E-01   4.52684379648590518E+00   5.70952527858820786E-05   5.02132288921782521E+00   2.00000000000000016E-05   5.02146888829990701E+00   2.00858755531996280E-04
 -1.99800000000000012E-02   4.22999215983160426E-01   4.52684379648590518E+00   5.70952527858820786E-05   5.02132288921782521E+00   2.00000000000000033E-06   5.02132389224030273E+00   2.00852955689612145E-05
 -1.99800000000000012E-02   4.22999215983160426E-01   4.52684379648590518E+00   5.70952527858820786E-05   5.02132288921782521E+00   2.00000000000000017E-07   5.02131532575944561E+00   2.00852613030377825E-06
 -1.99800000000000012E-02   4.22999215983160426E-01   4.52684379648590518E+00   5.70952527858820786E-05   5.02132288921782521E+00   2.00000000000000004E-08   5.02118995271416679E+00   2.00847598108566672E-07
 -1.99800000000000012E-02   4.22999215983160426E-01   4.52684379648590518E+00   5.70952527858820786E-05   5.02132288921782521E+00   2.00000000000000012E-09   5.02318986406180557E+00   2.00927594562472223E-08
 -1.80000000000000021E-02   4.22999332198861377E-01   4.53945693605859280E+00   6.21642343431454169E-05   8.63917664865386925E+00   2.00000000000000016E-05   8.63922372480452339E+00   3.45568948992180935E-04
 -1.80000000000000021E-02   4.22999332198861377E-01   4.53945693605859280E+00   6.21642343431454169E-05   8.63917664865386925E+00   2.00000000000000033E-06   8.63918051630107975E+00   3.45567220652043261E-05
 -1.80000000000000021E-02   4.22999332198861377E-01   4.53945693605859280E+00   6.21642343431454169E-05   8.63917664865386925E+00   2.00000000000000017E-07   8.63917710924866356E+00   3.45567084369946542E-06
 -1.80000000000000021E-02   4.22999332198861377E-01   4.53945693605859280E+00   6.21642343431454169E-05   8.63917664865386925E+00   2.00000000000000004E-08   8.63894884517435457E+00   3.45557953806974183E-07
 -1.80000000000000021E-02   4.22999332198861377E-01   4.53945693605859280E+00   6.21642343431454169E-05   8.63917664865386925E+00   2.00000000000000012E-09   8.63706328679825219E+00   3.45482531471930088E-08
 -1.49999999999999994E-02   4.22999536857009084E-01   4.57999869591045172E+00   7.21684508844636129E-05   1.81997467387449774E+01   2.00000000000000016E-05   1.81996968102060563E+01   7.27987872408242254E-04
 -1.49999999999999994E-02   4.22999536857009084E-01   4.57999869591045172E+00   7.21684508844636129E-05   1.81997467387449774E+01   2.00000000000000033E-06   1.81997453971849374E+01   7.27989815887397640E-05
 -1.49999999999999994E-02   4.22999536857009084E-01   4.57999869591045172E+00   7.21684508844636129E-05   1.81997467387449774E+01   2.00000000000000017E-07   1.81997437809222617E+01   7.27989751236890470E-06
 -1.49999999999999994E-02   4.22999536857009084E-01   4.57999869591045172E+00   7.21684508844636129E-05   1.81997467387449774E+01   2.00000000000000004E-08   1.81992579451062397E+01   7.27970317804249589E-07
 -1.49999999999999994E-02   4.22999536857009084E-01   4.57999869591045172E+00   7.21684508844636129E-05   1.81997467387449774E+01   2.00000000000000012E-09   1.81984869396245585E+01   7.27939477584982342E-08
 -1.00000000000000002E-02   4.22999856804249341E-01   4.68411041886751178E+00   4.76841529465270791E-05   1.91674459774085477E+01   2.00000000000000016E-05   1.91673963975791395E+01   7.66695855903165580E-04
 -1.00000000000000002E-02   4.22999856804249341E-01   4.68411041886751178E+00   4.76841529465270791E-05   1.91674459774085477E+01   2.00000000000000033E-06   1.91674476139880277E+01   7.66697904559521248E-05
 -1.00000000000000002E-02   4.22999856804249341E-01   4.68411041886751178E+00   4.76841529465270791E-05   1.91674459774085477E+01   2.00000000000000017E-07   1.91674305916045284E+01   7.66697223664181138E-06
 -1.00000000000000002E-02   4.22999856804249341E-01   4.68411041886751178E+00   4.76841529465270791E-05   1.91674459774085477E+01   2.00000000000000004E-08   1.91674887517478965E+01   7.66699550069915858E-07
 -1.00000000000000002E-02   4.22999856804249341E-01   4.68411041886751178E+00   4.76841529465270791E-05   1.91674459774085477E+01   2.00000000000000012E-09   1.91709803587514216E+01   7.66839214350056864E-08
 -5.00000000000000010E-03   4.22999989186461867E-01   4.74389498961583644E+00   8.65552138753816762E-06   4.63345895899974192E+00   2.00000000000000016E-05   4.63349828183634571E+00   1.85339931273453828E-04
 -5.00000000000000010E-03   4.22999989186461867E-01   4.74389498961583644E+00   8.65552138753816762E-06   4.63345895899974192E+00   2.00000000000000033E-06   4.63345866208442114E+00   1.85338346483376881E-05
 -5.00000000000000010E-03   4.22999989186461867E-01   4.74389498961583644E+00   8.65552138753816762E-06   4.63345895899974192E+00   2.00000000000000017E-07   4.63346741641501580E+00   1.85338696656600632E-06
 -5.00000000000000010E-03   4.22999989186461867E-01   4.74389498961583644E+00   8.65552138753816762E-06   4.63345895899974192E+00   2.00000000000000004E-08   4.63318667875967094E+00   1.85327467150386838E-07
 -5.00000000000000010E-03   4.22999989186461867E-01   4.74389498961583644E+00   8.65552138753816762E-06   4.63345895899974192E+00   2.00000000000000012E-09   4.63079752321959859E+00   1.85231900928783944E-08
 -2.00000000000000004E-03   4.22999999764260060E-01   4.74984706285903613E+00   5.06108253655938383E-07   3.19657720171846682E-01   2.00000000000000016E-05   3.19691263506172163E-01   1.27876505402468865E-05
 -2.00000000000000004E-03   4.22999999764260060E-01   4.74984706285903613E+00   5.06108253655938383E-07   3.19657720171846682E-01   2.00000000000000033E-06   3.19661355385747414E-01   1.27864542154298988E-06
 -2.00000000000000004E-03   4.22999999764260060E-01   4.74984706285903613E+00   5.06108253655938383E-07   3.19657720171846682E-01   2.00000000000000017E-07   3.19691406680533363E-01   1.27876562672213367E-07
 -2.00000000000000004E-03   4.22999999764260060E-01   4.74984706285903613E+00   5.06108253655938383E-07   3.19657720171846682E-01   2.00000000000000004E-08   3.19361248557470390E-01   1.27744499422988156E-08
 -2.00000000000000004E-03   4.22999999764260060E-01   4.74984706285903613E+00   5.06108253655938383E-07   3.19657720171846682E-01   2.00000000000000012E-09   3.24382520844324063E-01   1.29753008337729625E-09
 -1.00000000000000002E-03   4.22999999988366293E-01   4.74999191994274828E+00   5.09238626920223401E-08   3.46685057332180718E-02   1.00000000000000008E-05   3.46741043433240748E-02   6.93482086866481495E-07
 -1.00000000000000002E-03   4.22999999988366293E-01   4.74999191994274828E+00   5.09238626920223401E-08   3.46685057332180718E-02   1.00000000000000017E-06   3.46631221503912387E-02   6.93262443007824913E-08
 -1.00000000000000002E-03   4.22999999988366293E-01   4.74999191994274828E+00   5.09238626920223401E-08   3.46685057332180718E-02   1.00000000000000009E-07   3.46940387530025873E-02   6.93880775060051747E-09
 -1.00000000000000002E-03   4.22999999988366293E-01   4.74999191994274828E+00   5.09238626920223401E-08   3.46685057332180718E-02   1.00000000000000002E-08   3.45171891069639969E-02   6.90343782139279938E-10
 -1.00000000000000002E-03   4.22999999988366293E-01   4.74999191994274828E+00   5.09238626920223401E-08   3.46685057332180718E-02   1.00000000000000006E-09   3.83484355381824571E-02   7.66968710763649142E-11
 -2.00000000000000010E-04   4.22999999999990495E-01   4.74999999254562866E+00   2.11234444863640650E-10   1.62775292192141209E-04   2.00000000000000033E-06   1.63417945842070340E-04   6.53671783368281467E-10
 -2.00000000000000010E-04   4.22999999999990495E-01   4.74999999254562866E+00   2.11234444863640650E-10   1.62775292192141209E-04   2.00000000000000044E-07   1.11255449297686910E-04   4.45021797190747748E-11
 -2.00000000000000010E-04   4.22999999999990495E-01   4.74999999254562866E+00   2.11234444863640650E-10   1.62775292192141209E-04   2.00000000000000037E-08   1.11244347067440658E-04   4.44977388269762741E-12
 -2.00000000000000010E-04   4.22999999999990495E-01   4.74999999254562866E+00   2.11234444863640650E-10   1.62775292192141209E-04   2.00000000000000054E-09   1.11466391672365690E-04   4.45865566689462867E-13
 -2.00000000000000010E-04   4.22999999999990495E-01   4.74999999254562866E+00   2.11234444863640650E-10   1.62775292192141209E-04   2.00000000000000033E-10   1.13242748511765954E-04   4.52970994047063868E-14
 -1.00000000000000005E-04   4.22999999999999543E-01   4.74999999964288300E+00   1.94411210393779432E-11   1.56845497330504639E-05   1.00000000000000017E-06   1.06870068350417552E-05   2.13740136700835137E-11
 -1.00000000000000005E-04   4.22999999999999543E-01   4.74999999964288300E+00   1.94411210393779432E-11   1.56845497330504639E-05   1.00000000000000022E-07   1.06847863889925049E-05   2.13695727779850131E-12
 -1.00000000000000005E-04   4.22999999999999543E-01   4.74999999964288300E+00   1.94411210393779432E-11   1.56845497330504639E-05   1.00000000000000019E-08   1.07469588783715136E-05   2.14939177567430306E-13
 -1.00000000000000005E-04   4.22999999999999543E-01   4.74999999964288300E+00   1.94411210393779432E-11   1.56845497330504639E-05   1.00000000000000027E-09   1.06581410364014994E-05   2.13162820728030056E-14
 -1.00000000000000005E-04   4.22999999999999543E-01   4.74999999964288300E+00   1.94411210393779432E-11   1.56845497330504639E-05   1.00000000000000017E-10   1.33226762955018768E-05   2.66453525910037570E-15
 -2.00000000000000016E-05   4.22999999999999987E-01   4.75000000000000000E+00   7.53319909596836358E-14   0.00000000000000000E+00   2.00000000000000017E-07   0.00000000000000000E+00   0.00000000000000000E+00
 -2.00000000000000016E-05   4.22999999999999987E-01   4.75000000000000000E+00   7.53319909596836358E-14   0.00000000000000000E+00   2.00000000000000037E-08   0.00000000000000000E+00   0.00000000000000000E+00
 -2.00000000000000016E-05   4.22999999999999987E-01   4.75000000000000000E+00   7.53319909596836358E-14   0.00000000000000000E+00   2.00000000000000012E-09   0.00000000000000000E+00   0.00000000000000000E+00
 -2.00000000000000016E-05   4.22999999999999987E-01   4.75000000000000000E+00   7.53319909596836358E-14   0.00000000000000000E+00   2.00000000000000033E-10   0.00000000000000000E+00   0.00000000000000000E+00
 -2.00000000000000016E-05   4.22999999999999987E-01   4.75000000000000000E+00   7.53319909596836358E-14   0.00000000000000000E+00   2.00000000000000020E-11   0.00000000000000000E+00   0.00000000000000000E+00
 -1.00000000000000008E-05   4.22999999999999987E-01   4.75000000000000000E+00   6.87575494760783181E-15   0.00000000000000000E+00   1.00000000000000009E-07   0.00000000000000000E+00   0.00000000000000000E+00
 -1.00000000000000008E-05   4.22999999999999987E-01   4.75000000000000000E+00   6.87575494760783181E-15   0.00000000000000000E+00   1.00000000000000019E-08   0.00000000000000000E+00   0.00000000000000000E+00
 -1.00000000000000008E-05   4.22999999999999987E-01   4.75000000000000000E+00   6.87575494760783181E-15   0.00000000000000000E+00   1.00000000000000006E-09   0.00000000000000000E+00   0.00000000000000000E+00
 -1.00000000000000008E-05   4.22999999999999987E-01   4.75000000000000000E+00   6.87575494760783181E-15   0.00000000000000000E+00   1.00000000000000017E-10   0.00000000000000000E+00   0.00000000000000000E+00
 -1.00000000000000008E-05   4.22999999999999987E-01   4.75000000000000000E+00   6.87575494760783181E-15   0.00000000000000000E+00   1.00000000000000010E-11   0.00000000000000000E+00   0.00000000000000000E+00
 -2.00000000000000033E-06   4.22999999999999987E-01   4.75000000000000000E+00   2.64645866781925896E-17   0.00000000000000000E+00   2.00000000000000037E-08   0.00000000000000000E+00   0.00000000000000000E+00
 -2.00000000000000033E-06   4.22999999999999987E-01   4.75000000000000000E+00   2.64645866781925896E-17   0.00000000000000000E+00   2.00000000000000054E-09   0.00000000000000000E+00   0.00000000000000000E+00
 -2.00000000000000033E-06   4.22999999999999987E-01   4.75000000000000000E+00   2.64645866781925896E-17   0.00000000000000000E+00   2.00000000000000033E-10   0.00000000000000000E+00   0.00000000000000000E+00
 -2.00000000000000033E-06   4.22999999999999987E-01   4.75000000000000000E+00   2.64645866781925896E-17   0.00000000000000000E+00   2.00000000000000053E-11   0.00000000000000000E+00   0.00000000000000000E+00
 -2.00000000000000033E-06   4.22999999999999987E-01   4.75000000000000000E+00   2.64645866781925896E-17   0.00000000000000000E+00   2.00000000000000036E-12   0.00000000000000000E+00   0.00000000000000000E+00
