geometry,bottom_mode,profile,window,stop_code,solver_status,solver_route,steps,completed,iterations,transfer_cm,bottom_cm,storage_change_cm,ledger_residual_cm,max_step_soil_residual_cm,first_transfer_cm,cpu_seconds,history,external_calls,flux_calls,head_calls,evaluations,within_solve_switches,accepted_regime_switches,h_min,h_max,theta_min,theta_max,water_l1_diff_cm,head_inf_diff_cm
retry_kind,configuration,requested_days,completed_days,accepted,rejected,attempts,stop_reason,top_cm,bottom_cm,storage_cm,ledger_cm,max_soil_residual_cm,iterations,hbottom_cm
RETRY,1,0,0.12207031250000000E-3,0.0000000000000000,0,1,1,1,0.0000000000000000,0.0000000000000000,0.0000000000000000,0.0000000000000000,0.0000000000000000,80,-0.10650044326868383
RETRY,1,1,0.12207031250000000E-3,0.0000000000000000,0,1,1,1,0.0000000000000000,0.0000000000000000,0.0000000000000000,0.0000000000000000,0.0000000000000000,80,-0.10650044326868383
RETRY,1,2,0.12207031250000000E-3,0.30517578125000000E-4,1,1,2,1,-0.14485101831271071E-3,-0.13696975783455018E-3,0.78812604777933615E-5,-0.36716506571221608E-15,0.25614276324970042E-15,107,-0.28507438907209751E-1
RETRY,1,3,0.12207031250000000E-3,0.12207031250000000E-3,8,0,8,0,-0.58087410213935502E-3,-0.57167785328890149E-3,0.91962488499852668E-5,-0.46826691829648937E-15,0.35114597861374275E-15,60,0.19999999999999903E-1
RETRY,1,4,0.12207031250000000E-3,0.22888183593750000E-4,3,1,4,1,-0.10980980443250525E-3,-0.10144313345497865E-3,0.83666709775886972E-5,0.62097679429107266E-16,0.10516761073109393E-15,150,-0.20770926840087085E-1
RETRY,1,5,0.12207031250000000E-3,0.12207031250000000E-3,32,0,32,0,-0.58163366513828746E-3,-0.57243741628854213E-3,0.91962488499852668E-5,0.23993394077104213E-15,0.72641545556528797E-16,133,0.19999999999999900E-1
RETRY,1,6,0.12207031250000000E-3,0.20980834960937500E-4,11,1,12,1,-0.10113530211497536E-3,-0.92503042609055910E-4,0.86322595060916996E-5,0.17225262015363452E-15,0.15316388565431160E-15,191,-0.15932205142012563E-1
RETRY,2,0,0.12207031250000000E-3,0.30517578125000000E-4,1,1,2,1,-0.14485101831271071E-3,-0.13696975783455018E-3,0.78812604777933615E-5,-0.36716506571221608E-15,0.25614276324970042E-15,107,-0.28507438907209751E-1
RETRY,2,1,0.12207031250000000E-3,0.12207031250000000E-3,2,0,2,0,-0.57962460415400844E-3,-0.57066002909283531E-3,0.89645750607214580E-5,-0.45167862505746115E-15,0.50653925498522767E-15,24,-0.80894086685330199E-2
RETRY,2,2,0.12207031250000000E-3,0.0000000000000000,0,1,1,1,0.0000000000000000,0.0000000000000000,0.0000000000000000,0.0000000000000000,0.0000000000000000,80,-0.10650044326868383
RETRY,2,3,0.12207031250000000E-3,0.0000000000000000,0,1,1,1,0.0000000000000000,0.0000000000000000,0.0000000000000000,0.0000000000000000,0.0000000000000000,80,-0.10650044326868383
RETRY,2,4,0.12207031250000000E-3,0.0000000000000000,0,1,1,1,0.0000000000000000,0.0000000000000000,0.0000000000000000,0.0000000000000000,0.0000000000000000,80,-0.10650044326868383
RETRY,3,0,0.12207031250000000E-3,0.34332275390625000E-4,2,7,9,2,-0.16301879910058119E-3,-0.15434064357176358E-3,0.86781555286297163E-5,-0.18789223649173792E-15,0.25614276324970042E-15,613,-0.15029359975997771E-1
RETRY,3,1,0.12207031250000000E-3,0.12207031250000000E-3,6,5,11,0,-0.58029256869157977E-3,-0.57109631984129483E-3,0.91962488499852668E-5,-0.29967348047499343E-15,0.25614276324970042E-15,470,0.19999999999999792E-1
STOP,2,7,1,1,2048,86,80,  1.1050310502455396E-01,  9.4114399380166885E-02,  1.2207031249999999E-11,  4.5931042606611352E-05
2,7,1,1,1,2,legacy-reference-retry,2048,85,1023, -3.7703137447657858E-01, -8.2109902484517605E-03,  3.6882038422811525E-01, -1.1574075031717257E-14,  1.3802672926051945E-15,  0.0000000000000000E+00,  2.0669000000000000E-02,3,1785,32,1785,1817,0,1, -1.0650044326868383E-01,  2.9696225242374877E-02,  4.2299105178847196E-01,  4.2299999999999999E-01, -1.0000000000000000E+00, -1.0000000000000000E+00
TOP03_TRANSITION_O0=COMPLETED
geometry,bottom_mode,profile,window,stop_code,solver_status,solver_route,steps,completed,iterations,transfer_cm,bottom_cm,storage_change_cm,ledger_residual_cm,max_step_soil_residual_cm,first_transfer_cm,cpu_seconds,history,external_calls,flux_calls,head_calls,evaluations,within_solve_switches,accepted_regime_switches,h_min,h_max,theta_min,theta_max,water_l1_diff_cm,head_inf_diff_cm
retry_kind,configuration,requested_days,completed_days,accepted,rejected,attempts,stop_reason,top_cm,bottom_cm,storage_cm,ledger_cm,max_soil_residual_cm,iterations,hbottom_cm
RETRY,1,0,0.12207031250000000E-3,0.0000000000000000,0,1,1,1,0.0000000000000000,0.0000000000000000,0.0000000000000000,0.0000000000000000,0.0000000000000000,80,-0.10650044326868383
RETRY,1,1,0.12207031250000000E-3,0.0000000000000000,0,1,1,1,0.0000000000000000,0.0000000000000000,0.0000000000000000,0.0000000000000000,0.0000000000000000,80,-0.10650044326868383
RETRY,1,2,0.12207031250000000E-3,0.30517578125000000E-4,1,1,2,1,-0.14485101831271071E-3,-0.13696975783455018E-3,0.78812604777933615E-5,-0.36716506571221608E-15,0.25614276324970042E-15,107,-0.28507438907209751E-1
RETRY,1,3,0.12207031250000000E-3,0.12207031250000000E-3,8,0,8,0,-0.58087410213935502E-3,-0.57167785328890149E-3,0.91962488499852668E-5,-0.46826691829648937E-15,0.35114597861374275E-15,60,0.19999999999999903E-1
RETRY,1,4,0.12207031250000000E-3,0.22888183593750000E-4,3,1,4,1,-0.10980980443250525E-3,-0.10144313345497865E-3,0.83666709775886972E-5,0.62097679429107266E-16,0.10516761073109393E-15,150,-0.20770926840087085E-1
RETRY,1,5,0.12207031250000000E-3,0.12207031250000000E-3,32,0,32,0,-0.58163366513828746E-3,-0.57243741628854213E-3,0.91962488499852668E-5,0.23993394077104213E-15,0.72641545556528797E-16,133,0.19999999999999900E-1
RETRY,1,6,0.12207031250000000E-3,0.20980834960937500E-4,11,1,12,1,-0.10113530211497536E-3,-0.92503042609055910E-4,0.86322595060916996E-5,0.17225262015363452E-15,0.15316388565431160E-15,191,-0.15932205142012563E-1
RETRY,2,0,0.12207031250000000E-3,0.30517578125000000E-4,1,1,2,1,-0.14485101831271071E-3,-0.13696975783455018E-3,0.78812604777933615E-5,-0.36716506571221608E-15,0.25614276324970042E-15,107,-0.28507438907209751E-1
RETRY,2,1,0.12207031250000000E-3,0.12207031250000000E-3,2,0,2,0,-0.57962460415400844E-3,-0.57066002909283531E-3,0.89645750607214580E-5,-0.45167862505746115E-15,0.50653925498522767E-15,24,-0.80894086685330199E-2
RETRY,2,2,0.12207031250000000E-3,0.0000000000000000,0,1,1,1,0.0000000000000000,0.0000000000000000,0.0000000000000000,0.0000000000000000,0.0000000000000000,80,-0.10650044326868383
RETRY,2,3,0.12207031250000000E-3,0.0000000000000000,0,1,1,1,0.0000000000000000,0.0000000000000000,0.0000000000000000,0.0000000000000000,0.0000000000000000,80,-0.10650044326868383
RETRY,2,4,0.12207031250000000E-3,0.0000000000000000,0,1,1,1,0.0000000000000000,0.0000000000000000,0.0000000000000000,0.0000000000000000,0.0000000000000000,80,-0.10650044326868383
RETRY,3,0,0.12207031250000000E-3,0.34332275390625000E-4,2,7,9,2,-0.16301879910058119E-3,-0.15434064357176358E-3,0.86781555286297163E-5,-0.18789223649173792E-15,0.25614276324970042E-15,613,-0.15029359975997771E-1
RETRY,3,1,0.12207031250000000E-3,0.12207031250000000E-3,6,5,11,0,-0.58029256869157977E-3,-0.57109631984129483E-3,0.91962488499852668E-5,-0.29967348047499343E-15,0.25614276324970042E-15,470,0.19999999999999792E-1
STOP,2,7,1,1,2048,86,80,  1.1050310502455396E-01,  9.4114399380166885E-02,  1.2207031249999999E-11,  4.5931042606611352E-05
2,7,1,1,1,2,legacy-reference-retry,2048,85,1023, -3.7703137447657858E-01, -8.2109902484517605E-03,  3.6882038422811525E-01, -1.1574075031717257E-14,  1.3802672926051945E-15,  0.0000000000000000E+00,  1.0293000000000000E-02,3,1785,32,1785,1817,0,1, -1.0650044326868383E-01,  2.9696225242374877E-02,  4.2299105178847196E-01,  4.2299999999999999E-01, -1.0000000000000000E+00, -1.0000000000000000E+00
TOP03_TRANSITION_O2=COMPLETED
