FROZEN_COEFFICIENTS,0.32000000000000001E-1,0.42299999999999999,4.7500000000000000,0.13500000000000000E-1,0.36499999999999999,1.4550000000000001,0.31271477663230240,0.13500000000000000E-1,0.0000000000000000,4.7500000000000000,0.99900000000000000,4.7024999999999997,0.0000000000000000,0.0000000000000000,0.0000000000000000,0.0000000000000000,0.0000000000000000,0.0000000000000000,0.0000000000000000,0.0000000000000000,0.0000000000000000,-1000000.0000000000,0.99999999999999998E-12,0.0000000000000000,0.39100000000000001,0.42299971360849864,0.28639150134734948E-4,1.0000000000000000,0.61425000000000004E-2,0.45500000000000007,1.3127147766323024,3.1978021978021980,3.0760750000000003,2.3650000000000002,-0.68728522336769760,-0.63500000000000001,0.0000000000000000,-1.0000000000000000,1.0000000000000000,0.0000000000000000,0.0000000000000000,0.0000000000000000
geometry,bottom_mode,profile,window,stop_code,solver_status,solver_route,steps,completed,iterations,transfer_cm,bottom_cm,storage_change_cm,ledger_residual_cm,max_step_soil_residual_cm,first_transfer_cm,cpu_seconds,history,external_calls,flux_calls,head_calls,evaluations,within_solve_switches,accepted_regime_switches,h_min,h_max,theta_min,theta_max,water_l1_diff_cm,head_inf_diff_cm
ITER,2,7,1,3,2048,86,73,11,0.12207031250000000E-3,0.16935087808430289E-4,0.24194991856569324E-2,0.24191702330771669E-2,0.69444976119414470E-1,0.54331386650785518E-6,0.32082140503376717E-1,0.21810635355271734E-1,0.21810690033118821E-1,-0.12386900199597397E-1,-0.12386356885730889E-1,-4.7155968893707421,-4.5700526012503460,4.2787004883333273,0.45932487389660633E-4,4.8906291808627635,-0.69444976119414470E-1,-0.12386356885730889E-1,0.30864140112970034E-1,4.7500000000000000,0.81919999999999998E-8,0.81919999999999998E-8,0.54331386650785518E-6,-0.73411807895132242E-1
ITER,2,7,1,3,2048,86,74,12,0.12207031250000000E-3,0.56450292694767630E-5,0.24191702330771669E-2,0.24190605923450998E-2,0.69443398566162884E-1,0.18109318924638962E-6,0.32080115195364418E-1,0.21810690033118821E-1,0.21810708257939713E-1,-0.12386356885730889E-1,-0.12386175792541643E-1,-4.7155965430991458,-4.5700537867846149,4.2787004883333273,0.45931570707303963E-4,4.8906216714008979,-0.69443398566162884E-1,-0.12386175792541643E-1,0.30864249461896538E-1,4.7500000000000000,0.81919999999999998E-8,0.81919999999999998E-8,0.18109318924638962E-6,-0.73410207949014428E-1
ITER,2,7,1,3,2048,86,75,13,0.12207031250000000E-3,0.18816764231589210E-5,0.24190605923450998E-2,0.24190240479562497E-2,0.69442872743426420E-1,0.60363126143381240E-7,0.32079440121208454E-1,0.21810708257939713E-1,0.21810714332754666E-1,-0.12386175792541643E-1,-0.12386115429415499E-1,-4.7155964276776610,-4.5700541819382128,4.2787004883333273,0.45931265160938485E-4,4.8906191683650722,-0.69442872743426420E-1,-0.12386115429415499E-1,0.30864285910786646E-1,4.7500000000000000,0.81919999999999998E-8,0.81919999999999998E-8,0.60363126143381240E-7,-0.73409674662030078E-1
ITER,2,7,1,3,2048,86,76,13,0.12207031250000000E-3,0.18816764231589210E-5,0.24190240479562497E-2,0.24189875027595350E-2,0.69442346905073116E-1,0.60362702744218288E-7,0.32079215108646600E-1,0.21810714332754666E-1,0.21810720407527840E-1,-0.12386115429415499E-1,-0.12386055066712755E-1,-4.7155963122569711,-4.5700545771072969,4.2787004883333273,0.45931163313752188E-4,4.8906183340329221,-0.69442346905073116E-1,-0.12386055066712755E-1,0.30864322359426079E-1,4.7500000000000000,0.81919999999999998E-8,0.81919999999999998E-8,0.60362702744218288E-7,-0.73409141359444874E-1
ITER,2,7,1,3,2048,86,77,15,0.12207031250000000E-3,0.20907515812876902E-6,0.24189875027595350E-2,0.24189834419589403E-2,0.69442288475129565E-1,0.67069199256863943E-8,0.32078990088888995E-1,0.21810720407527840E-1,0.21810721082497996E-1,-0.12386055066712755E-1,-0.12386048359792829E-1,-4.7155962994325380,-4.5700546210183175,4.2787004883333273,0.45931061467009743E-4,4.8906174997044083,-0.69442288475129565E-1,-0.12386048359792829E-1,0.30864326409247050E-1,4.7500000000000000,0.81919999999999998E-8,0.81919999999999998E-8,0.67069199256863943E-8,-0.73409082100143408E-1
ITER,2,7,1,3,2048,86,78,16,0.12207031250000000E-3,0.69691719376256336E-7,0.24189834419589403E-2,0.24189820882250445E-2,0.69442268996545486E-1,0.22356382318317047E-8,0.32078965085129973E-1,0.21810721082497996E-1,0.21810721307487877E-1,-0.12386048359792829E-1,-0.12386046124154598E-1,-4.7155962951577299,-4.5700546356572644,4.2787004883333273,0.45931050150767699E-4,4.8906174070017530,-0.69442268996545486E-1,-0.12386046124154598E-1,0.30864327759186343E-1,4.7500000000000000,0.81919999999999998E-8,0.81919999999999998E-8,0.22356382318317047E-8,-0.73409062345105802E-1
ITER,2,7,1,3,2048,86,79,16,0.12207031250000000E-3,0.69691719376256336E-7,0.24189820882250445E-2,0.24189807358981365E-2,0.69442249538217204E-1,0.22356376524340638E-8,0.32078956749677409E-1,0.21810721307487877E-1,0.21810721532477699E-1,-0.12386046124154598E-1,-0.12386043888516945E-1,-4.7155962908829236,-4.5700546502768660,4.2787004883333273,0.45931046378689224E-4,4.8906173761008862,-0.69442249538217204E-1,-0.12386043888516945E-1,0.30864329109125292E-1,4.7500000000000000,0.81919999999999998E-8,0.81919999999999998E-8,0.22356376524340638E-8,-0.73409042610324882E-1
FROZEN_HEADER,4,0.12207031250000000E-3,0.20000000000000000E-1,-4.7155962866081182,-4.7500000000000000
FROZEN_NODE,1,-0.25000000000000000,0.50000000000000000,0.25000000000000000,0.42299999999999999,0.21810721757467465E-1,0.42299999999999999,4.7500000000000000,0.13552892141888151E-9,0.0000000000000000,0.0000000000000000,0.0000000000000000
FROZEN_NODE,2,-0.75000000000000000,0.50000000000000000,0.50000000000000000,0.42299999999999999,0.25432165258136154E-1,0.42299999999999999,4.7500000000000000,0.31714364467916312E-9,0.0000000000000000,0.0000000000000000,0.0000000000000000
FROZEN_NODE,3,-1.5000000000000000,1.0000000000000000,0.75000000000000000,0.42299975196267797,0.30864330459063897E-1,0.42299999999999999,4.7500000000000000,-0.39667932483293811E-2,0.0000000000000000,0.0000000000000000,0.0000000000000000
FROZEN_NODE,4,-2.5000000000000000,1.0000000000000000,1.0000000000000000,0.42299105178847196,-0.12386041652879874E-1,0.42299960900003142,4.5143502441666641,0.11050310502455396,0.0000000000000000,0.0000000000000000,0.0000000000000000
ITER,2,7,1,3,2048,86,80,17,0.12207031250000000E-3,0.23230573125418780E-7,0.24189807358981365E-2,0.61133358343712979E-2,0.11050310502455396,0.22356370713016993E-8,0.32078948423277832E-1,0.21810721532477699E-1,0.21810721757467465E-1,-0.12386043888516945E-1,-0.12386041652879874E-1,-4.7155962866081182,-4.7500000000000000,4.2787004883333273,0.45931042606611352E-4,4.8906173452000239,0.11050310502455396,-0.12386041652879874E-1,0.30864330459063897E-1,4.7500000000000000,0.81919999999999998E-8,0.81919999999999998E-8,0.22356370713016993E-8,0.10653631222889715
STOP,2,7,1,1,2048,86,80,  1.1050310502455396E-01,  9.4114399380166885E-02,  1.2207031249999999E-11,  4.5931042606611352E-05
2,7,1,1,1,2,legacy-reference-retry,2048,85,1023, -3.7703137447657858E-01, -8.2109902484517605E-03,  3.6882038422811525E-01, -1.1574075031717257E-14,  1.3802672926051945E-15,  0.0000000000000000E+00,  3.3359999999999996E-03,3,1785,32,1785,1817,0,1, -1.0650044326868383E-01,  2.9696225242374877E-02,  4.2299105178847196E-01,  4.2299999999999999E-01, -1.0000000000000000E+00, -1.0000000000000000E+00
TOP03_TRANSITION_O0=COMPLETED
FROZEN_COEFFICIENTS,0.32000000000000001E-1,0.42299999999999999,4.7500000000000000,0.13500000000000000E-1,0.36499999999999999,1.4550000000000001,0.31271477663230240,0.13500000000000000E-1,0.0000000000000000,4.7500000000000000,0.99900000000000000,4.7024999999999997,0.0000000000000000,0.0000000000000000,0.0000000000000000,0.0000000000000000,0.0000000000000000,0.0000000000000000,0.0000000000000000,0.0000000000000000,0.0000000000000000,-1000000.0000000000,0.99999999999999998E-12,0.0000000000000000,0.39100000000000001,0.42299971360849864,0.28639150134734948E-4,1.0000000000000000,0.61425000000000004E-2,0.45500000000000007,1.3127147766323024,3.1978021978021980,3.0760750000000003,2.3650000000000002,-0.68728522336769760,-0.63500000000000001,0.0000000000000000,-1.0000000000000000,1.0000000000000000,0.0000000000000000,0.0000000000000000,0.0000000000000000
geometry,bottom_mode,profile,window,stop_code,solver_status,solver_route,steps,completed,iterations,transfer_cm,bottom_cm,storage_change_cm,ledger_residual_cm,max_step_soil_residual_cm,first_transfer_cm,cpu_seconds,history,external_calls,flux_calls,head_calls,evaluations,within_solve_switches,accepted_regime_switches,h_min,h_max,theta_min,theta_max,water_l1_diff_cm,head_inf_diff_cm
ITER,2,7,1,3,2048,86,73,11,0.12207031250000000E-3,0.16935087808430289E-4,0.24194991856569324E-2,0.24191702330771669E-2,0.69444976119414470E-1,0.54331386650785518E-6,0.32082140503376717E-1,0.21810635355271734E-1,0.21810690033118821E-1,-0.12386900199597397E-1,-0.12386356885730889E-1,-4.7155968893707421,-4.5700526012503460,4.2787004883333273,0.45932487389660633E-4,4.8906291808627635,-0.69444976119414470E-1,-0.12386356885730889E-1,0.30864140112970034E-1,4.7500000000000000,0.81919999999999998E-8,0.81919999999999998E-8,0.54331386650785518E-6,-0.73411807895132242E-1
ITER,2,7,1,3,2048,86,74,12,0.12207031250000000E-3,0.56450292694767630E-5,0.24191702330771669E-2,0.24190605923450998E-2,0.69443398566162884E-1,0.18109318924638962E-6,0.32080115195364418E-1,0.21810690033118821E-1,0.21810708257939713E-1,-0.12386356885730889E-1,-0.12386175792541643E-1,-4.7155965430991458,-4.5700537867846149,4.2787004883333273,0.45931570707303963E-4,4.8906216714008979,-0.69443398566162884E-1,-0.12386175792541643E-1,0.30864249461896538E-1,4.7500000000000000,0.81919999999999998E-8,0.81919999999999998E-8,0.18109318924638962E-6,-0.73410207949014428E-1
ITER,2,7,1,3,2048,86,75,13,0.12207031250000000E-3,0.18816764231589210E-5,0.24190605923450998E-2,0.24190240479562497E-2,0.69442872743426420E-1,0.60363126143381240E-7,0.32079440121208454E-1,0.21810708257939713E-1,0.21810714332754666E-1,-0.12386175792541643E-1,-0.12386115429415499E-1,-4.7155964276776610,-4.5700541819382128,4.2787004883333273,0.45931265160938485E-4,4.8906191683650722,-0.69442872743426420E-1,-0.12386115429415499E-1,0.30864285910786646E-1,4.7500000000000000,0.81919999999999998E-8,0.81919999999999998E-8,0.60363126143381240E-7,-0.73409674662030078E-1
ITER,2,7,1,3,2048,86,76,13,0.12207031250000000E-3,0.18816764231589210E-5,0.24190240479562497E-2,0.24189875027595350E-2,0.69442346905073116E-1,0.60362702744218288E-7,0.32079215108646600E-1,0.21810714332754666E-1,0.21810720407527840E-1,-0.12386115429415499E-1,-0.12386055066712755E-1,-4.7155963122569711,-4.5700545771072969,4.2787004883333273,0.45931163313752188E-4,4.8906183340329221,-0.69442346905073116E-1,-0.12386055066712755E-1,0.30864322359426079E-1,4.7500000000000000,0.81919999999999998E-8,0.81919999999999998E-8,0.60362702744218288E-7,-0.73409141359444874E-1
ITER,2,7,1,3,2048,86,77,15,0.12207031250000000E-3,0.20907515812876902E-6,0.24189875027595350E-2,0.24189834419589403E-2,0.69442288475129565E-1,0.67069199256863943E-8,0.32078990088888995E-1,0.21810720407527840E-1,0.21810721082497996E-1,-0.12386055066712755E-1,-0.12386048359792829E-1,-4.7155962994325380,-4.5700546210183175,4.2787004883333273,0.45931061467009743E-4,4.8906174997044083,-0.69442288475129565E-1,-0.12386048359792829E-1,0.30864326409247050E-1,4.7500000000000000,0.81919999999999998E-8,0.81919999999999998E-8,0.67069199256863943E-8,-0.73409082100143408E-1
ITER,2,7,1,3,2048,86,78,16,0.12207031250000000E-3,0.69691719376256336E-7,0.24189834419589403E-2,0.24189820882250445E-2,0.69442268996545486E-1,0.22356382318317047E-8,0.32078965085129973E-1,0.21810721082497996E-1,0.21810721307487877E-1,-0.12386048359792829E-1,-0.12386046124154598E-1,-4.7155962951577299,-4.5700546356572644,4.2787004883333273,0.45931050150767699E-4,4.8906174070017530,-0.69442268996545486E-1,-0.12386046124154598E-1,0.30864327759186343E-1,4.7500000000000000,0.81919999999999998E-8,0.81919999999999998E-8,0.22356382318317047E-8,-0.73409062345105802E-1
ITER,2,7,1,3,2048,86,79,16,0.12207031250000000E-3,0.69691719376256336E-7,0.24189820882250445E-2,0.24189807358981365E-2,0.69442249538217204E-1,0.22356376524340638E-8,0.32078956749677409E-1,0.21810721307487877E-1,0.21810721532477699E-1,-0.12386046124154598E-1,-0.12386043888516945E-1,-4.7155962908829236,-4.5700546502768660,4.2787004883333273,0.45931046378689224E-4,4.8906173761008862,-0.69442249538217204E-1,-0.12386043888516945E-1,0.30864329109125292E-1,4.7500000000000000,0.81919999999999998E-8,0.81919999999999998E-8,0.22356376524340638E-8,-0.73409042610324882E-1
FROZEN_HEADER,4,0.12207031250000000E-3,0.20000000000000000E-1,-4.7155962866081182,-4.7500000000000000
FROZEN_NODE,1,-0.25000000000000000,0.50000000000000000,0.25000000000000000,0.42299999999999999,0.21810721757467465E-1,0.42299999999999999,4.7500000000000000,0.13552892141888151E-9,0.0000000000000000,0.0000000000000000,0.0000000000000000
FROZEN_NODE,2,-0.75000000000000000,0.50000000000000000,0.50000000000000000,0.42299999999999999,0.25432165258136154E-1,0.42299999999999999,4.7500000000000000,0.31714364467916312E-9,0.0000000000000000,0.0000000000000000,0.0000000000000000
FROZEN_NODE,3,-1.5000000000000000,1.0000000000000000,0.75000000000000000,0.42299975196267797,0.30864330459063897E-1,0.42299999999999999,4.7500000000000000,-0.39667932483293811E-2,0.0000000000000000,0.0000000000000000,0.0000000000000000
FROZEN_NODE,4,-2.5000000000000000,1.0000000000000000,1.0000000000000000,0.42299105178847196,-0.12386041652879874E-1,0.42299960900003142,4.5143502441666641,0.11050310502455396,0.0000000000000000,0.0000000000000000,0.0000000000000000
ITER,2,7,1,3,2048,86,80,17,0.12207031250000000E-3,0.23230573125418780E-7,0.24189807358981365E-2,0.61133358343712979E-2,0.11050310502455396,0.22356370713016993E-8,0.32078948423277832E-1,0.21810721532477699E-1,0.21810721757467465E-1,-0.12386043888516945E-1,-0.12386041652879874E-1,-4.7155962866081182,-4.7500000000000000,4.2787004883333273,0.45931042606611352E-4,4.8906173452000239,0.11050310502455396,-0.12386041652879874E-1,0.30864330459063897E-1,4.7500000000000000,0.81919999999999998E-8,0.81919999999999998E-8,0.22356370713016993E-8,0.10653631222889715
STOP,2,7,1,1,2048,86,80,  1.1050310502455396E-01,  9.4114399380166885E-02,  1.2207031249999999E-11,  4.5931042606611352E-05
2,7,1,1,1,2,legacy-reference-retry,2048,85,1023, -3.7703137447657858E-01, -8.2109902484517605E-03,  3.6882038422811525E-01, -1.1574075031717257E-14,  1.3802672926051945E-15,  0.0000000000000000E+00,  1.8519999999999999E-03,3,1785,32,1785,1817,0,1, -1.0650044326868383E-01,  2.9696225242374877E-02,  4.2299105178847196E-01,  4.2299999999999999E-01, -1.0000000000000000E+00, -1.0000000000000000E+00
TOP03_TRANSITION_O2=COMPLETED
