FAPP09_SCV_ORTHOGONAL_ERROR_CHANNELS=PASS
FAPP09_SCV_ACCEPT_REJECT_REPLAY_SUBDIVISION_ROLLBACK_RESTART=PASS
FAPP09_SCV_MATRIX=       1        1       15       68     1998        1        0  -8.8239012107744704E-14   2.0709128856211123E-14   0.0000000000000000E+00   2.0709128856211123E-14
FAPP09_SCV_MATRIX=       1        2       16       56     1663        1        1  -2.9204155426389569E-15   1.6257828416854636E-14   0.0000000000000000E+00   1.6257828416854636E-14
FAPP09_SCV_MATRIX=       1        4       16       38     1292        3        1  -1.0167094893333267E-13   2.0310576137605452E-14   0.0000000000000000E+00   2.0310576137605452E-14
FAPP09_SCV_MATRIX=       1        8       17       25      820        7        1  -1.3544477465974938E-13   1.3679161969815112E-14   0.0000000000000000E+00   1.3679161969815112E-14
FAPP09_SCV_MATRIX=       1       16       23       16      719        8        8   3.5401092852887606E-14   1.4415552085367267E-14   0.0000000000000000E+00   1.4415552085367267E-14
FAPP09_SCV_MATRIX=       1       32       37        8      788       12       20   4.5051203190717826E-14   6.1904691442404847E-15   0.0000000000000000E+00   6.1904691442404847E-15
FAPP09_SCV_MATRIX=       1       64       67        4     1182       31       33  -7.5202157267895930E-15   3.6402087941200811E-15   0.0000000000000000E+00   3.6402087941200811E-15
FAPP09_SCV_MATRIX=       1      128      129        1     1994       62       66   2.2848800632206794E-15   1.5606819222385715E-15   0.0000000000000000E+00   1.5606819222385715E-15
FAPP09_SCV_MATRIX=       2        1       15       68     1998        1        0  -8.8239012107744704E-14   2.0709128856211123E-14   0.0000000000000000E+00   2.0709128856211123E-14
FAPP09_SCV_MATRIX=       2        2       16       56     1663        1        1  -2.9204155426389569E-15   1.6257828416854636E-14   0.0000000000000000E+00   1.6257828416854636E-14
FAPP09_SCV_MATRIX=       2        4       16       38     1292        3        1  -1.0167094893333267E-13   2.0310576137605452E-14   0.0000000000000000E+00   2.0310576137605452E-14
FAPP09_SCV_MATRIX=       2        8       17       25      820        7        1  -1.3544477465974938E-13   1.3679161969815112E-14   0.0000000000000000E+00   1.3679161969815112E-14
FAPP09_SCV_MATRIX=       2       16       23       16      719        8        8   3.5401092852887606E-14   1.4415552085367267E-14   0.0000000000000000E+00   1.4415552085367267E-14
FAPP09_SCV_MATRIX=       2       32       37        8      788       12       20   4.5051203190717826E-14   6.1904691442404847E-15   0.0000000000000000E+00   6.1904691442404847E-15
FAPP09_SCV_MATRIX=       2       64       67        4     1182       31       33  -7.5202157267895930E-15   3.6402087941200811E-15   0.0000000000000000E+00   3.6402087941200811E-15
FAPP09_SCV_MATRIX=       2      128      129        1     1994       62       66   2.2848800632206794E-15   1.5606819222385715E-15   0.0000000000000000E+00   1.5606819222385715E-15
FAPP09_SCV_MATRIX=       3        1       15       68     1998        1        0  -8.8239012107744704E-14   2.0709128856211123E-14   0.0000000000000000E+00   2.0709128856211123E-14
FAPP09_SCV_MATRIX=       3        2       16       56     1663        1        1  -2.9204155426389569E-15   1.6257828416854636E-14   0.0000000000000000E+00   1.6257828416854636E-14
FAPP09_SCV_MATRIX=       3        4       16       38     1292        3        1  -1.0167094893333267E-13   2.0310576137605452E-14   0.0000000000000000E+00   2.0310576137605452E-14
FAPP09_SCV_MATRIX=       3        8       17       25      820        7        1  -1.3544477465974938E-13   1.3679161969815112E-14   0.0000000000000000E+00   1.3679161969815112E-14
FAPP09_SCV_MATRIX=       3       16       23       16      719        8        8   3.5401092852887606E-14   1.4415552085367267E-14   0.0000000000000000E+00   1.4415552085367267E-14
FAPP09_SCV_MATRIX=       3       32       37        8      788       12       20   4.5051203190717826E-14   6.1904691442404847E-15   0.0000000000000000E+00   6.1904691442404847E-15
FAPP09_SCV_MATRIX=       3       64       67        4     1182       31       33  -7.5202157267895930E-15   3.6402087941200811E-15   0.0000000000000000E+00   3.6402087941200811E-15
ERROR STOP HeadCalc: dynamic top-boundary provider unavailable
#0  0x7f50b7b65e59 in ???
#1  0x7f50b7b66a71 in ???
#2  0x558fccbfcc5b in boundtop_state_bridge.5
#3  0x558fccbf64b5 in vector_f.2
#4  0x558fccbec846 in headcalc_
#5  0x558fccbb672b in __mod_reference_richards_legacy_binding_MOD_reference_richards_legacy_solve
#6  0x558fccd72864 in __mod_fmr_serialized_reference_backend_MOD_fmr_serialized_advance
#7  0x558fccbcb7b1 in __mod_transaction_reference_MOD_execute_reference_interval
#8  0x558fccbd06b6 in __mod_canonical_interval_runtime_MOD_run_canonical_interval
#9  0x558fccbdaa87 in __mod_kernel_transactions_MOD_kernel_advance_interval
#10  0x558fccca63f3 in __mod_fmr_checkpoint_orchestrator_MOD_fmr_trial_from_checkpoint
#11  0x558fccd973ac in __mod_fmr_serialized_reference_backend_MOD_fmr_serialized_backend_run_trial
#12  0x558fccdcbad3 in verify_scv_matrix.5
#13  0x558fccdbe475 in MAIN__
#14  0x558fcce3a224 in main
FAPP09_SCV_MATRIX=       3      128      129        1     1994       62       66   2.2848800632206794E-15   1.5606819222385715E-15   0.0000000000000000E+00   1.5606819222385715E-15
FAPP09_SCV_MATRIX=       4        1       15       68     1998        1        0  -8.8239012107744704E-14   2.0709128856211123E-14   0.0000000000000000E+00   2.0709128856211123E-14
FAPP09_SCV_MATRIX=       4        2       15       49     1436        2        0  -3.0023754021697080E-03   1.9115785343526426E-14   0.0000000000000000E+00   1.9115785343526426E-14
FAPP09_SCV_MATRIX=       4        4       16       37     1177        3        1  -4.5030630783389654E-03   2.0440246717434718E-14   0.0000000000000000E+00   2.0440246717434718E-14
FAPP09_SCV_MATRIX=       4        8       23       40     1217        6        2  -3.7519968973262763E-03   1.1921236567347115E-14   0.0000000000000000E+00   1.1921236567347115E-14
FAPP09_SCV_MATRIX=       4       16       28       24      963       13        3  -3.7517975421225386E-03   9.2052017050536783E-15   0.0000000000000000E+00   9.2052017050536783E-15
FAPP09_SCV_MATRIX=       4       32       38        9      821       28        4  -3.7517002116326369E-03   5.3028328256266022E-15   0.0000000000000000E+00   5.3028328256266022E-15
FAPP09_SCV_MATRIX=       4       64       67        4     1171       53       11  -3.7516515627095113E-03   3.3844997117393749E-15   0.0000000000000000E+00   3.3844997117393749E-15
FAPP09_SCV_MATRIX=       4      128      129        1     1968      114       14  -3.7516271489823711E-03   1.6429593146030652E-15   0.0000000000000000E+00   1.6429593146030652E-15
FAPP09_SCV_MATRIX=       5        1       15       68     1076        0        1   1.9241411480890201E-14   1.6238746458618891E-14   0.0000000000000000E+00   1.6238746458618891E-14
