FAPP09_COMPILE_CLOSURE_FILES=96
FAPP09_COMPILE_CLOSURE=PASS
TEMPORAL_EXCHANGE_CONTEXT_ACCEPT_REJECT_RETRY_COMPOSITION_REPLAY=PASS
FAPP09_O0=PASS
TEMPORAL_EXCHANGE_CONTEXT_ACCEPT_REJECT_RETRY_COMPOSITION_REPLAY=PASS
FAPP09_O2=PASS
FAPP09_SCV_ORTHOGONAL_ERROR_CHANNELS=PASS
FAPP09_SCV_ACCEPT_REJECT_REPLAY_SUBDIVISION_ROLLBACK_RESTART=PASS
FAPP09_SCV_REVERSE_EXCHANGE=  6.3968082144248402E-06,Newton:2725
FAPP09_SCV_SIGNED_REVERSE_ACCEPT=PASS
FAPP09_SCV_MATRIX=       1        1       15       68     1998        0        0  -8.8239012107744704E-14   2.0709128856211123E-14   0.0000000000000000E+00   2.0709128856211123E-14
FAPP09_SCV_MATRIX=       1        2       16       56     1663        0        0  -2.9204155426389569E-15   1.6257828416854636E-14   0.0000000000000000E+00   1.6257828416854636E-14
FAPP09_SCV_MATRIX=       1        4       16       38     1292        0        0  -1.0167094893333267E-13   2.0310576137605452E-14   0.0000000000000000E+00   2.0310576137605452E-14
FAPP09_SCV_MATRIX=       1        8       17       25      820        0        0  -1.3544477465974938E-13   1.3679161969815112E-14   0.0000000000000000E+00   1.3679161969815112E-14
FAPP09_SCV_MATRIX=       1       16       23       16      719        0        0   3.5401092852887606E-14   1.4415552085367267E-14   0.0000000000000000E+00   1.4415552085367267E-14
FAPP09_SCV_MATRIX=       1       32       37        8      788        0        0   4.5051203190717826E-14   6.1904691442404847E-15   0.0000000000000000E+00   6.1904691442404847E-15
FAPP09_SCV_MATRIX=       1       64       67        4     1182        0        0  -7.5202157267895930E-15   3.6402087941200811E-15   0.0000000000000000E+00   3.6402087941200811E-15
FAPP09_SCV_MATRIX=       1      128      129        1     1994        0        0   2.2848800632206794E-15   1.5606819222385715E-15   0.0000000000000000E+00   1.5606819222385715E-15
FAPP09_SCV_MATRIX=       2        1       15       68     1998        0        0  -8.8239012107744704E-14   2.0709128856211123E-14   0.0000000000000000E+00   2.0709128856211123E-14
FAPP09_SCV_MATRIX=       2        2       16       56     1663        0        0  -2.9204155426389569E-15   1.6257828416854636E-14   0.0000000000000000E+00   1.6257828416854636E-14
FAPP09_SCV_MATRIX=       2        4       16       38     1292        0        0  -1.0167094893333267E-13   2.0310576137605452E-14   0.0000000000000000E+00   2.0310576137605452E-14
FAPP09_SCV_MATRIX=       2        8       17       25      820        0        0  -1.3544477465974938E-13   1.3679161969815112E-14   0.0000000000000000E+00   1.3679161969815112E-14
FAPP09_SCV_MATRIX=       2       16       23       16      719        0        0   3.5401092852887606E-14   1.4415552085367267E-14   0.0000000000000000E+00   1.4415552085367267E-14
FAPP09_SCV_MATRIX=       2       32       37        8      788        0        0   4.5051203190717826E-14   6.1904691442404847E-15   0.0000000000000000E+00   6.1904691442404847E-15
FAPP09_SCV_MATRIX=       2       64       67        4     1182        0        0  -7.5202157267895930E-15   3.6402087941200811E-15   0.0000000000000000E+00   3.6402087941200811E-15
FAPP09_SCV_MATRIX=       2      128      129        1     1994        0        0   2.2848800632206794E-15   1.5606819222385715E-15   0.0000000000000000E+00   1.5606819222385715E-15
FAPP09_SCV_MATRIX=       3        1       15       68     1998        0        0  -8.8239012107744704E-14   2.0709128856211123E-14   0.0000000000000000E+00   2.0709128856211123E-14
FAPP09_SCV_MATRIX=       3        2       16       56     1663        0        0  -2.9204155426389569E-15   1.6257828416854636E-14   0.0000000000000000E+00   1.6257828416854636E-14
FAPP09_SCV_MATRIX=       3        4       16       38     1292        0        0  -1.0167094893333267E-13   2.0310576137605452E-14   0.0000000000000000E+00   2.0310576137605452E-14
FAPP09_SCV_MATRIX=       3        8       17       25      820        0        0  -1.3544477465974938E-13   1.3679161969815112E-14   0.0000000000000000E+00   1.3679161969815112E-14
FAPP09_SCV_MATRIX=       3       16       23       16      719        0        0   3.5401092852887606E-14   1.4415552085367267E-14   0.0000000000000000E+00   1.4415552085367267E-14
FAPP09_SCV_MATRIX=       3       32       37        8      788        0        0   4.5051203190717826E-14   6.1904691442404847E-15   0.0000000000000000E+00   6.1904691442404847E-15
FAPP09_SCV_MATRIX=       3       64       67        4     1182        0        0  -7.5202157267895930E-15   3.6402087941200811E-15   0.0000000000000000E+00   3.6402087941200811E-15
FAPP09_SCV_MATRIX=       3      128      129        1     1994        0        0   2.2848800632206794E-15   1.5606819222385715E-15   0.0000000000000000E+00   1.5606819222385715E-15
FAPP09_SCV_MATRIX=       4        1       15       68     1998        0        0  -8.8239012107744704E-14   2.0709128856211123E-14   0.0000000000000000E+00   2.0709128856211123E-14
FAPP09_SCV_MATRIX=       4        2       15       49     1436        1        0  -3.0023754021697080E-03   1.9115785343526426E-14   0.0000000000000000E+00   1.9115785343526426E-14
FAPP09_SCV_MATRIX=       4        4       16       37     1177        3        0  -4.5030630783389654E-03   2.0440246717434718E-14   0.0000000000000000E+00   2.0440246717434718E-14
FAPP09_SCV_MATRIX=       4        8       23       40     1217        5        0  -3.7519968973262763E-03   1.1921236567347115E-14   0.0000000000000000E+00   1.1921236567347115E-14
FAPP09_SCV_MATRIX=       4       16       28       24      963       11        0  -3.7517975421225386E-03   9.2052017050536783E-15   0.0000000000000000E+00   9.2052017050536783E-15
FAPP09_SCV_MATRIX=       4       32       38        9      821       23        0  -3.7517002116326369E-03   5.3028328256266022E-15   0.0000000000000000E+00   5.3028328256266022E-15
FAPP09_SCV_MATRIX=       4       64       67        4     1171       47        0  -3.7516515627095113E-03   3.3844997117393749E-15   0.0000000000000000E+00   3.3844997117393749E-15
FAPP09_SCV_MATRIX=       4      128      129        1     1968       95        0  -3.7516271489823711E-03   1.6429593146030652E-15   0.0000000000000000E+00   1.6429593146030652E-15
FAPP09_SCV_MATRIX_FAILED=       5       2       1     472     385    3997       0  220314  1.7976931348623157+308 -4.6251138608281464E+00 -4.5536603821950390E+00
FAPP09_SCV_LARGE_STAGE_FAILS_WITHOUT_PUBLICATION=PASS
FAPP09_SCV_STAGE_REFINEMENT_MASS_MATRIX=PASS
FAPP09_SINGLE_LEVEL_V1_SCOPE=PASS
FAPP09_TYPED_EXTERNAL_HEAD_MATERIALIZER=PASS
FAPP09_SURFACE_WATER_STATE_OWNER_XOR=PASS
FAPP09_NO_PERSISTENT_SURFACE_WATER_STATE=PASS
FAPP09_RECOMPOSITION_DISCARD_REPLAY=PASS
FAPP09_POSITIVE_DRAINAGE_TRANSACTION=PASS
FAPP09_UNIFIED_CV_ACCEPT=substeps:6,temporal_rejects:13,Newton:356
FAPP09_UNIFIED_CV_COMBINED_MASS=  3.9797809145425411E-15
FAPP09_UNIFIED_SURFACE_CV_ACCEPT=PASS
FAPP09_UNIFIED_CV_EXCHANGE= -7.5071855327774105E-04
FAPP09_NEGATIVE_INFILTRATION_TRANSACTION=PASS
FAPP09_STALE_ORIGIN_FAIL_CLOSED=PASS
FAPP09_RIBASIM_EXTERNAL_SURFACE_WATER_PROFILE=PASS
FAPP09_O0_O2_STABLE_IDENTITY=PASS
F-APP09 OWNER GATE PASS
